##Values of sim indices for identical samples
##so these need to be renamed to _D
Whittaker:  0
WilsonShmida:  0
CoCoGaston:  0
Williams1:  0
Williams2:  0.0003246753246753247
Weiher:  0
Simpson1:  0
Routledge1:  0
Routledge2:  -8.881784197001252e-16
Routledge3:  -8.881784197001252e-16
Manhattan:  0
Magurran:  0
Lennon1:  0
Lennon2:  0
Lande:  0
Harte:  0
Harrison:  0
Eyraud:  -0.0005073051948051948
Euclid:  0
Divergence:  0
Cody:  0

