0.0000000,0.6033410,0.5802860,0.6214884,0.5711567,0.5388661,
0.6033410,0.0000000,0.6780719,0.5647846,0.5899117,0.6520767,
0.5802860,0.6780719,0.0000000,0.6199690,0.5025003,0.5700122,
0.6214884,0.5647846,0.6199690,0.0000000,0.6668737,0.6141088,
0.5711567,0.5899117,0.5025003,0.6668737,0.0000000,0.6185709,
0.5388661,0.6520767,0.5700122,0.6141088,0.6185709,0.0000000,
,
