// Imperfect Robinson matrix 50x50
0.823,0.713,0.758,0.746,0.704,0.663,0.616,0.555,0.532,0.529,0.492,0.456,0.405,0.358,0.346,0.341,0.292,0.287,0.257,0.235,0.224,0.214,0.172,0.155,0.165,0.176,0.13,0.132,0.136,0.134,0.117,0.097,0.118,0.101,0.097,0.09,0.075,0.073,0.078,0.056,0.052,0.059,0.035,0.038,0.017,0.028,0.033,0.017,0.01,0.009
0.713,0.824,0.75,0.743,0.736,0.677,0.631,0.583,0.563,0.563,0.523,0.49,0.417,0.367,0.35,0.343,0.296,0.282,0.261,0.224,0.221,0.209,0.158,0.15,0.158,0.162,0.125,0.123,0.129,0.123,0.103,0.083,0.111,0.085,0.083,0.075,0.057,0.056,0.061,0.038,0.035,0.049,0.024,0.024,0.01,0.019,0.019,0.009,0.003,0
0.758,0.75,0.927,0.819,0.802,0.755,0.717,0.663,0.637,0.631,0.593,0.548,0.48,0.433,0.395,0.398,0.339,0.323,0.303,0.273,0.268,0.25,0.202,0.191,0.202,0.205,0.167,0.165,0.17,0.16,0.137,0.125,0.148,0.122,0.113,0.104,0.087,0.085,0.09,0.063,0.059,0.066,0.042,0.045,0.024,0.035,0.038,0.019,0.019,0.014
0.746,0.743,0.819,0.911,0.826,0.784,0.755,0.682,0.675,0.657,0.619,0.574,0.497,0.447,0.419,0.414,0.358,0.346,0.325,0.278,0.283,0.275,0.217,0.216,0.212,0.221,0.188,0.183,0.183,0.183,0.16,0.137,0.157,0.137,0.123,0.115,0.097,0.096,0.101,0.073,0.07,0.077,0.052,0.056,0.031,0.045,0.043,0.026,0.026,0.021
0.704,0.736,0.802,0.826,0.995,0.814,0.826,0.743,0.741,0.699,0.671,0.609,0.529,0.461,0.412,0.433,0.357,0.339,0.32,0.289,0.289,0.268,0.214,0.209,0.214,0.217,0.184,0.176,0.169,0.167,0.146,0.122,0.139,0.118,0.103,0.096,0.077,0.075,0.08,0.056,0.052,0.059,0.035,0.038,0.019,0.028,0.033,0.016,0.012,0.009
0.663,0.677,0.755,0.784,0.814,1,0.838,0.79,0.732,0.741,0.741,0.645,0.577,0.515,0.47,0.475,0.414,0.403,0.377,0.334,0.343,0.325,0.268,0.266,0.264,0.271,0.237,0.212,0.219,0.212,0.179,0.172,0.172,0.163,0.134,0.123,0.106,0.104,0.118,0.082,0.078,0.085,0.061,0.064,0.042,0.054,0.047,0.035,0.031,0.031
0.616,0.631,0.717,0.755,0.826,0.838,0.969,0.809,0.795,0.774,0.737,0.67,0.614,0.53,0.483,0.499,0.435,0.421,0.395,0.37,0.367,0.348,0.299,0.283,0.299,0.301,0.263,0.249,0.242,0.238,0.207,0.19,0.191,0.177,0.153,0.143,0.125,0.123,0.134,0.101,0.097,0.096,0.08,0.082,0.037,0.064,0.057,0.033,0.031,0.028
0.555,0.583,0.663,0.682,0.743,0.79,0.809,0.882,0.76,0.736,0.734,0.65,0.602,0.534,0.48,0.497,0.431,0.414,0.393,0.358,0.362,0.343,0.283,0.282,0.283,0.285,0.252,0.238,0.238,0.233,0.205,0.188,0.198,0.174,0.158,0.151,0.132,0.13,0.136,0.11,0.106,0.108,0.087,0.09,0.047,0.075,0.057,0.037,0.031,0.038
0.532,0.563,0.637,0.675,0.741,0.732,0.795,0.76,0.85,0.741,0.736,0.677,0.612,0.548,0.501,0.523,0.445,0.433,0.412,0.383,0.381,0.36,0.308,0.297,0.303,0.308,0.27,0.249,0.245,0.231,0.214,0.191,0.19,0.169,0.151,0.141,0.123,0.122,0.13,0.099,0.096,0.099,0.078,0.082,0.04,0.068,0.056,0.035,0.03,0.031
0.529,0.563,0.631,0.657,0.699,0.741,0.774,0.736,0.741,0.899,0.762,0.746,0.67,0.607,0.567,0.56,0.506,0.506,0.468,0.459,0.452,0.428,0.376,0.35,0.348,0.351,0.31,0.275,0.264,0.259,0.23,0.212,0.207,0.209,0.169,0.158,0.141,0.139,0.153,0.117,0.11,0.12,0.09,0.094,0.057,0.082,0.075,0.052,0.049,0.047
0.492,0.523,0.593,0.619,0.671,0.741,0.737,0.734,0.736,0.762,0.927,0.767,0.718,0.668,0.631,0.652,0.577,0.572,0.537,0.496,0.497,0.452,0.409,0.369,0.365,0.353,0.311,0.287,0.271,0.268,0.24,0.219,0.214,0.205,0.176,0.165,0.148,0.146,0.16,0.123,0.118,0.118,0.094,0.092,0.063,0.09,0.063,0.042,0.037,0.043
0.456,0.49,0.548,0.574,0.609,0.645,0.67,0.65,0.677,0.746,0.767,0.873,0.696,0.685,0.626,0.621,0.551,0.572,0.534,0.513,0.496,0.468,0.424,0.374,0.374,0.365,0.318,0.283,0.268,0.268,0.243,0.219,0.212,0.216,0.17,0.165,0.148,0.146,0.16,0.123,0.11,0.125,0.09,0.094,0.056,0.082,0.07,0.049,0.043,0.047
0.405,0.417,0.48,0.497,0.529,0.577,0.614,0.602,0.612,0.67,0.718,0.696,0.835,0.664,0.677,0.657,0.619,0.614,0.591,0.563,0.557,0.537,0.464,0.44,0.443,0.403,0.355,0.339,0.322,0.317,0.29,0.268,0.263,0.252,0.219,0.217,0.2,0.198,0.21,0.174,0.158,0.16,0.134,0.132,0.094,0.125,0.096,0.068,0.066,0.07
0.358,0.367,0.433,0.447,0.461,0.515,0.53,0.534,0.548,0.607,0.668,0.685,0.664,0.805,0.694,0.697,0.65,0.661,0.624,0.576,0.567,0.536,0.48,0.428,0.423,0.407,0.372,0.325,0.317,0.313,0.287,0.264,0.257,0.256,0.214,0.21,0.193,0.191,0.205,0.169,0.151,0.153,0.123,0.122,0.094,0.123,0.09,0.063,0.061,0.064
0.346,0.35,0.395,0.419,0.412,0.47,0.483,0.48,0.501,0.567,0.631,0.626,0.677,0.694,0.849,0.744,0.723,0.72,0.675,0.638,0.605,0.586,0.513,0.475,0.459,0.424,0.381,0.35,0.334,0.33,0.306,0.282,0.277,0.271,0.233,0.228,0.21,0.209,0.223,0.186,0.172,0.177,0.146,0.144,0.115,0.144,0.115,0.087,0.085,0.089
0.341,0.343,0.398,0.414,0.433,0.475,0.499,0.497,0.523,0.56,0.652,0.621,0.657,0.697,0.744,0.873,0.723,0.715,0.657,0.628,0.607,0.553,0.49,0.449,0.449,0.407,0.363,0.344,0.329,0.315,0.294,0.277,0.266,0.243,0.223,0.219,0.205,0.202,0.214,0.174,0.157,0.153,0.127,0.123,0.092,0.127,0.087,0.059,0.057,0.061
0.292,0.296,0.339,0.358,0.357,0.414,0.435,0.431,0.445,0.506,0.577,0.551,0.619,0.65,0.723,0.723,0.831,0.734,0.689,0.673,0.654,0.602,0.546,0.499,0.508,0.47,0.431,0.4,0.383,0.374,0.336,0.327,0.317,0.301,0.263,0.264,0.252,0.242,0.247,0.21,0.183,0.177,0.151,0.148,0.117,0.151,0.111,0.083,0.082,0.085
0.287,0.282,0.323,0.346,0.339,0.403,0.421,0.414,0.433,0.506,0.572,0.572,0.614,0.661,0.72,0.715,0.734,0.866,0.677,0.692,0.664,0.635,0.579,0.527,0.51,0.478,0.435,0.397,0.377,0.357,0.329,0.323,0.308,0.292,0.252,0.249,0.243,0.23,0.243,0.195,0.17,0.165,0.139,0.136,0.104,0.139,0.099,0.071,0.07,0.073
0.257,0.261,0.303,0.325,0.32,0.377,0.395,0.393,0.412,0.468,0.537,0.534,0.591,0.624,0.675,0.657,0.689,0.677,0.757,0.637,0.617,0.597,0.541,0.506,0.487,0.44,0.397,0.374,0.358,0.348,0.325,0.304,0.283,0.271,0.238,0.237,0.228,0.217,0.231,0.193,0.167,0.17,0.139,0.137,0.104,0.137,0.104,0.077,0.075,0.078
0.235,0.224,0.273,0.278,0.289,0.334,0.37,0.358,0.383,0.459,0.496,0.513,0.563,0.576,0.638,0.628,0.673,0.692,0.637,0.76,0.677,0.621,0.588,0.529,0.541,0.504,0.452,0.423,0.405,0.388,0.363,0.351,0.327,0.318,0.28,0.271,0.271,0.261,0.263,0.221,0.193,0.188,0.162,0.158,0.127,0.162,0.122,0.094,0.092,0.096
0.224,0.221,0.268,0.283,0.289,0.343,0.367,0.362,0.381,0.452,0.497,0.496,0.557,0.567,0.605,0.607,0.654,0.664,0.617,0.677,0.753,0.628,0.59,0.553,0.558,0.527,0.497,0.445,0.426,0.419,0.376,0.365,0.35,0.348,0.287,0.289,0.287,0.271,0.27,0.237,0.209,0.203,0.177,0.174,0.141,0.174,0.137,0.11,0.108,0.111
0.214,0.209,0.25,0.275,0.268,0.325,0.348,0.343,0.36,0.428,0.452,0.468,0.537,0.536,0.586,0.553,0.602,0.635,0.597,0.621,0.628,0.727,0.591,0.562,0.562,0.523,0.485,0.456,0.428,0.416,0.39,0.365,0.362,0.341,0.299,0.296,0.277,0.277,0.292,0.242,0.219,0.214,0.188,0.184,0.153,0.188,0.148,0.12,0.118,0.122
0.172,0.158,0.202,0.217,0.214,0.268,0.299,0.283,0.308,0.376,0.409,0.424,0.464,0.48,0.513,0.49,0.546,0.579,0.541,0.588,0.59,0.591,0.678,0.553,0.55,0.541,0.492,0.47,0.431,0.416,0.397,0.386,0.353,0.341,0.303,0.301,0.31,0.29,0.299,0.247,0.224,0.219,0.193,0.19,0.158,0.193,0.153,0.123,0.118,0.123
0.155,0.15,0.191,0.216,0.209,0.266,0.283,0.282,0.297,0.35,0.369,0.374,0.44,0.428,0.475,0.449,0.499,0.527,0.506,0.529,0.553,0.562,0.553,0.626,0.565,0.52,0.489,0.464,0.433,0.417,0.386,0.365,0.353,0.337,0.296,0.287,0.287,0.278,0.278,0.235,0.207,0.2,0.176,0.17,0.139,0.172,0.134,0.104,0.097,0.103
0.165,0.158,0.202,0.212,0.214,0.264,0.299,0.283,0.303,0.348,0.365,0.374,0.443,0.423,0.459,0.449,0.508,0.51,0.487,0.541,0.558,0.562,0.55,0.565,0.689,0.546,0.525,0.537,0.485,0.461,0.447,0.43,0.423,0.381,0.346,0.337,0.341,0.329,0.332,0.285,0.257,0.243,0.223,0.209,0.183,0.209,0.177,0.143,0.132,0.137
0.176,0.162,0.205,0.221,0.217,0.271,0.301,0.285,0.308,0.351,0.353,0.365,0.403,0.407,0.424,0.407,0.47,0.478,0.44,0.504,0.527,0.523,0.541,0.52,0.546,0.645,0.536,0.504,0.477,0.459,0.431,0.416,0.398,0.395,0.351,0.344,0.348,0.325,0.336,0.287,0.257,0.247,0.223,0.21,0.181,0.219,0.176,0.132,0.139,0.146
0.13,0.125,0.167,0.188,0.184,0.237,0.263,0.252,0.27,0.31,0.311,0.318,0.355,0.372,0.381,0.363,0.431,0.435,0.397,0.452,0.497,0.485,0.492,0.489,0.525,0.536,0.637,0.52,0.517,0.501,0.457,0.456,0.43,0.447,0.377,0.374,0.381,0.35,0.357,0.311,0.282,0.261,0.242,0.224,0.202,0.224,0.197,0.158,0.148,0.153
0.132,0.123,0.165,0.183,0.176,0.212,0.249,0.238,0.249,0.275,0.287,0.283,0.339,0.325,0.35,0.344,0.4,0.397,0.374,0.423,0.445,0.456,0.47,0.464,0.537,0.504,0.52,0.605,0.504,0.482,0.459,0.461,0.454,0.403,0.376,0.37,0.381,0.35,0.358,0.31,0.28,0.27,0.24,0.231,0.2,0.231,0.195,0.163,0.155,0.16
0.136,0.129,0.17,0.183,0.169,0.219,0.242,0.238,0.245,0.264,0.271,0.268,0.322,0.317,0.334,0.329,0.383,0.377,0.358,0.405,0.426,0.428,0.431,0.433,0.485,0.477,0.517,0.504,0.607,0.523,0.506,0.515,0.489,0.477,0.449,0.428,0.433,0.398,0.417,0.369,0.332,0.297,0.275,0.252,0.24,0.256,0.223,0.172,0.17,0.176
0.134,0.123,0.16,0.183,0.167,0.212,0.238,0.233,0.231,0.259,0.268,0.268,0.317,0.313,0.33,0.315,0.374,0.357,0.348,0.388,0.419,0.416,0.416,0.417,0.461,0.459,0.501,0.482,0.523,0.626,0.52,0.518,0.529,0.523,0.477,0.461,0.437,0.414,0.424,0.386,0.348,0.33,0.296,0.282,0.247,0.28,0.238,0.205,0.198,0.193
0.117,0.103,0.137,0.16,0.146,0.179,0.207,0.205,0.214,0.23,0.24,0.243,0.29,0.287,0.306,0.294,0.336,0.329,0.325,0.363,0.376,0.39,0.397,0.386,0.447,0.431,0.457,0.459,0.506,0.52,0.602,0.52,0.508,0.497,0.477,0.438,0.431,0.402,0.43,0.376,0.33,0.306,0.277,0.256,0.25,0.264,0.233,0.186,0.181,0.183
0.097,0.083,0.125,0.137,0.122,0.172,0.19,0.188,0.191,0.212,0.219,0.219,0.268,0.264,0.282,0.277,0.327,0.323,0.304,0.351,0.365,0.365,0.386,0.365,0.43,0.416,0.456,0.461,0.515,0.518,0.52,0.678,0.581,0.558,0.546,0.518,0.508,0.477,0.503,0.442,0.388,0.355,0.336,0.301,0.28,0.303,0.277,0.226,0.221,0.198
0.118,0.111,0.148,0.157,0.139,0.172,0.191,0.198,0.19,0.207,0.214,0.212,0.263,0.257,0.277,0.266,0.317,0.308,0.283,0.327,0.35,0.362,0.353,0.353,0.423,0.398,0.43,0.454,0.489,0.529,0.508,0.581,0.675,0.577,0.569,0.532,0.504,0.482,0.494,0.44,0.391,0.374,0.332,0.306,0.275,0.308,0.264,0.223,0.223,0.21
0.101,0.085,0.122,0.137,0.118,0.163,0.177,0.174,0.169,0.209,0.205,0.216,0.252,0.256,0.271,0.243,0.301,0.292,0.271,0.318,0.348,0.341,0.341,0.337,0.381,0.395,0.447,0.403,0.477,0.523,0.497,0.558,0.577,0.739,0.603,0.591,0.525,0.527,0.548,0.49,0.447,0.393,0.36,0.311,0.29,0.304,0.292,0.228,0.223,0.214
0.097,0.083,0.113,0.123,0.103,0.134,0.153,0.158,0.151,0.169,0.176,0.17,0.219,0.214,0.233,0.223,0.263,0.252,0.238,0.28,0.287,0.299,0.303,0.296,0.346,0.351,0.377,0.376,0.449,0.477,0.477,0.546,0.569,0.603,0.746,0.619,0.598,0.588,0.631,0.55,0.48,0.414,0.384,0.334,0.329,0.348,0.322,0.25,0.254,0.24
0.09,0.075,0.104,0.115,0.096,0.123,0.143,0.151,0.141,0.158,0.165,0.165,0.217,0.21,0.228,0.219,0.264,0.249,0.237,0.271,0.289,0.296,0.301,0.287,0.337,0.344,0.374,0.37,0.428,0.461,0.438,0.518,0.532,0.591,0.619,0.675,0.56,0.577,0.576,0.537,0.464,0.402,0.374,0.327,0.31,0.336,0.306,0.247,0.245,0.231
0.075,0.057,0.087,0.097,0.077,0.106,0.125,0.132,0.123,0.141,0.148,0.148,0.2,0.193,0.21,0.205,0.252,0.243,0.228,0.271,0.287,0.277,0.31,0.287,0.341,0.348,0.381,0.381,0.433,0.437,0.431,0.508,0.504,0.525,0.598,0.56,0.67,0.565,0.591,0.532,0.461,0.417,0.386,0.343,0.329,0.351,0.317,0.259,0.259,0.243
0.073,0.056,0.085,0.096,0.075,0.104,0.123,0.13,0.122,0.139,0.146,0.146,0.198,0.191,0.209,0.202,0.242,0.23,0.217,0.261,0.271,0.277,0.29,0.278,0.329,0.325,0.35,0.35,0.398,0.414,0.402,0.477,0.482,0.527,0.588,0.577,0.565,0.654,0.588,0.541,0.489,0.421,0.402,0.36,0.323,0.351,0.315,0.273,0.263,0.245
0.078,0.061,0.09,0.101,0.08,0.118,0.134,0.136,0.13,0.153,0.16,0.16,0.21,0.205,0.223,0.214,0.247,0.243,0.231,0.263,0.27,0.292,0.299,0.278,0.332,0.336,0.357,0.358,0.417,0.424,0.43,0.503,0.494,0.548,0.631,0.576,0.591,0.588,0.795,0.584,0.572,0.513,0.475,0.419,0.421,0.421,0.41,0.323,0.315,0.306
0.056,0.038,0.063,0.073,0.056,0.082,0.101,0.11,0.099,0.117,0.123,0.123,0.174,0.169,0.186,0.174,0.21,0.195,0.193,0.221,0.237,0.242,0.247,0.235,0.285,0.287,0.311,0.31,0.369,0.386,0.376,0.442,0.44,0.49,0.55,0.537,0.532,0.541,0.584,0.657,0.53,0.47,0.459,0.395,0.383,0.388,0.355,0.304,0.297,0.28
0.052,0.035,0.059,0.07,0.052,0.078,0.097,0.106,0.096,0.11,0.118,0.11,0.158,0.151,0.172,0.157,0.183,0.17,0.167,0.193,0.209,0.219,0.224,0.207,0.257,0.257,0.282,0.28,0.332,0.348,0.33,0.388,0.391,0.447,0.48,0.464,0.461,0.489,0.572,0.53,0.637,0.506,0.492,0.449,0.428,0.43,0.417,0.353,0.329,0.327
0.059,0.049,0.066,0.077,0.059,0.085,0.096,0.108,0.099,0.12,0.118,0.125,0.16,0.153,0.177,0.153,0.177,0.165,0.17,0.188,0.203,0.214,0.219,0.2,0.243,0.247,0.261,0.27,0.297,0.33,0.306,0.355,0.374,0.393,0.414,0.402,0.417,0.421,0.513,0.47,0.506,0.603,0.501,0.452,0.414,0.452,0.407,0.386,0.348,0.339
0.035,0.024,0.042,0.052,0.035,0.061,0.08,0.087,0.078,0.09,0.094,0.09,0.134,0.123,0.146,0.127,0.151,0.139,0.139,0.162,0.177,0.188,0.193,0.176,0.223,0.223,0.242,0.24,0.275,0.296,0.277,0.336,0.332,0.36,0.384,0.374,0.386,0.402,0.475,0.459,0.492,0.501,0.591,0.466,0.459,0.473,0.433,0.395,0.374,0.379
0.038,0.024,0.045,0.056,0.038,0.064,0.082,0.09,0.082,0.094,0.092,0.094,0.132,0.122,0.144,0.123,0.148,0.136,0.137,0.158,0.174,0.184,0.19,0.17,0.209,0.21,0.224,0.231,0.252,0.282,0.256,0.301,0.306,0.311,0.334,0.327,0.343,0.36,0.419,0.395,0.449,0.452,0.466,0.504,0.402,0.433,0.409,0.39,0.372,0.346
0.017,0.01,0.024,0.031,0.019,0.042,0.037,0.047,0.04,0.057,0.063,0.056,0.094,0.094,0.115,0.092,0.117,0.104,0.104,0.127,0.141,0.153,0.158,0.139,0.183,0.181,0.202,0.2,0.24,0.247,0.25,0.28,0.275,0.29,0.329,0.31,0.329,0.323,0.421,0.383,0.428,0.414,0.459,0.402,0.537,0.475,0.428,0.417,0.397,0.417
0.028,0.019,0.035,0.045,0.028,0.054,0.064,0.075,0.068,0.082,0.09,0.082,0.125,0.123,0.144,0.127,0.151,0.139,0.137,0.162,0.174,0.188,0.193,0.172,0.209,0.219,0.224,0.231,0.256,0.28,0.264,0.303,0.308,0.304,0.348,0.336,0.351,0.351,0.421,0.388,0.43,0.452,0.473,0.433,0.475,0.572,0.447,0.445,0.426,0.435
0.033,0.019,0.038,0.043,0.033,0.047,0.057,0.057,0.056,0.075,0.063,0.07,0.096,0.09,0.115,0.087,0.111,0.099,0.104,0.122,0.137,0.148,0.153,0.134,0.177,0.176,0.197,0.195,0.223,0.238,0.233,0.277,0.264,0.292,0.322,0.306,0.317,0.315,0.41,0.355,0.417,0.407,0.433,0.409,0.428,0.447,0.53,0.407,0.423,0.384
0.017,0.009,0.019,0.026,0.016,0.035,0.033,0.037,0.035,0.052,0.042,0.049,0.068,0.063,0.087,0.059,0.083,0.071,0.077,0.094,0.11,0.12,0.123,0.104,0.143,0.132,0.158,0.163,0.172,0.205,0.186,0.226,0.223,0.228,0.25,0.247,0.259,0.273,0.323,0.304,0.353,0.386,0.395,0.39,0.417,0.445,0.407,0.517,0.424,0.419
0.01,0.003,0.019,0.026,0.012,0.031,0.031,0.031,0.03,0.049,0.037,0.043,0.066,0.061,0.085,0.057,0.082,0.07,0.075,0.092,0.108,0.118,0.118,0.097,0.132,0.139,0.148,0.155,0.17,0.198,0.181,0.221,0.223,0.223,0.254,0.245,0.259,0.263,0.315,0.297,0.329,0.348,0.374,0.372,0.397,0.426,0.423,0.424,0.511,0.419
0.009,0,0.014,0.021,0.009,0.031,0.028,0.038,0.031,0.047,0.043,0.047,0.07,0.064,0.089,0.061,0.085,0.073,0.078,0.096,0.111,0.122,0.123,0.103,0.137,0.146,0.153,0.16,0.176,0.193,0.183,0.198,0.21,0.214,0.24,0.231,0.243,0.245,0.306,0.28,0.327,0.339,0.379,0.346,0.417,0.435,0.384,0.419,0.419,0.52

ham = 30.105000000000008
inertia = 140126.67600000015
lsq = 1.0254942490619988e+06
arc = -37375
warc = -7380.135000000023
are = 38229
ware = 7389.756999999976
dware = 202376.49099999983
gar(w=5) = 542
gar(w=10) = 2544
rgar(w=5) = 0.5891304347826087
gar(w=10) = 0.6625
meff = 693.5277999999993
moore = 32.96902200000027
neumann = 13.912172000000858
bertin = 96023.19894497617

========
qap = 4027.1380000000045
G1Gain = -18912
G3Gain = -4314.493999999969
psi = 49704.27600000015
